0.147679 128
0.000764 27
1.760754 4
0.316109 15
0.615643 2
4.243824 53
0.067642 43
1.339539 1
0.236190 1
0.628391 1
0.078274 1
0.083019 1
0.461882 2
0.019731 1173
11.862253 1
0.591718 1
0.779912 1
0.095180 1
0.585909 1
0.050413 1
0.373079 1
0.082828 1
1.210230 1
0.234798 1
0.584770 1
0.092199 1
0.314878 1
0.612776 1
0.110393 1
0.475197 1
3.467252 1
0.095815 1
0.270187 1
0.200020 1
0.124854 4
0.588684 1
0.123568 1
0.206725 1
0.164874 1
0.318285 4
0.500097 4
0.030528 4
0.030472 4
0.030116 4
0.030168 4
0.029886 4
0.030646 4
0.030953 4
0.029219 4
0.030430 4
0.029469 4
0.030413 4
0.031096 4
0.030078 1
0.030765 1
0.031660 1
0.029836 1
0.770329 1
0.128738 1
0.430799 1
0.415064 1
0.255229 1
0.101078 1
0.170020 1
0.511842 2
0.025404 10
2.709760 2
10.857565 2
1.619229 1
0.730370 2
1.728206 2
0.510828 2
1.278877 1
0.355155 2
1.364995 39
1.283131 7
1.003492 2
0.020514 10
3.135383 2
1.194622 58
2.158765 1
2.334430 1
0.447075 1
0.110614 1
0.472416 1
0.072074 1
0.208132 1
0.091904 1
0.180034 1
0.711637 1
0.575917 1
0.087614 1
0.142172 3
2.393404 1
0.205064 3
1.955470 1
0.204651 12
1.710369 2
0.023490 75
1.883015 1
0.206851 2
0.038501 49
0.004210 50
3.437409 1
0.333225 1
1.745356 1
0.087784 1
0.547122 1
0.087994 1
0.263126 1
0.064522 1
1.077437 1
0.267040 1
0.381251 1
0.105964 1
0.169896 1
0.229688 1
2.362870 1
0.366528 1
0.181033 1
4.280372 1
0.158983 1
0.280707 1
0.162769 1
0.225366 1
0.975975 4
0.159710 4
0.285451 4
0.499923 4
0.030909 4
0.030735 4
0.030318 4
0.030603 4
0.030039 4
0.031140 4
0.030058 4
0.030196 4
0.030339 4
0.030182 4
0.030425 1
0.030879 1
0.030471 1
0.029925 1
0.029820 1
0.029812 1
0.030778 1
0.030723 1
3.694112 1
0.299728 1
0.417820 1
0.097020 1
0.529149 1
0.018572 1
0.185567 3
1.240035 1
0.313429 1
0.779262 1
0.463293 4
0.143198 1
0.231992 1
0.266182 1
0.188014 1
0.175363 1
0.144439 1
0.101312 1
1.331517 1
0.087430 1
2.171800 1
0.059571 1
1.005553 1
0.732033 1
0.215442 1
0.218060 1
0.382901 1
0.398063 2
0.029168 97
6.221072 1
0.823580 1
0.495901 1
0.082842 1
0.346404 1
0.018282 1
0.148760 3
1.825828 1
1.177452 1
0.101262 1
0.221546 1
0.274112 1
2.730573 1
0.152007 1
0.254599 1
1.375306 2
0.049067 90
0.000935 20
3.243861 1
0.274578 1
1.200349 1
0.119459 1
0.078450 1
0.347978 2
0.016984 1132
19.260217 1
0.452271 1
0.321122 1
0.280495 1
0.129208 1
0.430953 1
0.578434 1
0.119876 1
2.048676 1
0.178746 1
0.549885 1
1.157993 1
0.486881 1
0.146242 1
0.732581 1
0.533944 1
0.184355 1
0.172149 1
2.499964 1
1.431323 1
0.412062 1
0.762706 1
0.838030 1
0.078339 1
1.653716 1
0.234641 1
0.721162 1
0.563960 1
1.040291 1
0.662956 1
1.737998 1
0.985566 1
0.446419 1
0.092076 1
0.280727 1
0.991684 1
1.195009 1
0.276652 1
1.625367 1
0.189537 1
0.202285 1
1.744912 1
0.133632 1
0.356729 1
0.119966 1
0.431571 1
1.059842 1
0.098711 1
27.901135 2
0.072022 41
0.003776 50
2.939972 1
0.106073 1
1.268949 1
0.104360 1
0.638946 1
2.712769 1
0.147290 1
0.427549 1
2.126019 1
0.181676 1
0.386831 1
0.069065 1
0.274230 2
1.107931 1
0.128839 1
0.473141 9
2.225893 1
0.244691 1
0.179101 5
2.527575 1
0.259268 5
1.584541 1
0.546165 1
0.063073 1
0.235695 1
0.109993 1
0.415497 2
0.005354 1172
7.628208 42
3.325144 1
0.499811 1
0.029508 1
0.031098 1
0.030029 1
0.030363 1
0.030514 1
0.030594 1
0.029511 1
0.030105 1
0.030593 1
0.030218 1
0.030808 1
0.031071 1
0.030216 1
0.030554 1
0.030329 1
0.030280 1
0.030056 1
0.030687 1
0.030716 1
0.030375 1
0.030357 1
0.030576 1
0.030868 1
0.030668 1
0.029457 1
0.030235 1
0.029554 1
3.026898 3
0.499802 3
0.030395 3
0.030584 3
0.029927 3
0.030463 3
0.030515 3
0.030749 3
0.030305 3
0.030740 3
0.031021 3
0.031183 3
0.029470 3
0.031238 3
0.030035 3
0.030480 3
0.029819 3
0.030780 3
0.031010 3
0.030457 3
0.030360 3
0.030258 3
0.030893 3
0.030535 3
0.030130 3
0.030261 3
0.030438 3
0.029755 3
0.156590 3
0.754023 4
0.151766 4
0.173689 4
0.142474 4
0.165268 4
0.221088 4
0.805991 2
0.016352 630
0.038534 50
1.592390 36
0.834186 6
0.307114 1
0.500565 1
0.030418 1
0.030565 1
0.030819 1
0.030029 1
0.030375 1
0.030078 1
0.029737 1
0.030171 1
0.030486 1
0.030278 1
0.030259 1
0.030114 1
0.030344 1
0.030351 1
0.030356 1
0.030295 1
0.030408 1
0.030654 1
0.029537 1
0.029712 1
0.030667 1
0.030845 1
0.029592 1
0.030360 1
0.029942 1
0.030384 1
0.030476 1
0.030308 1
0.029654 1
0.030489 1
0.030269 1
0.333950 1
0.433942 5
0.500100 5
0.030921 5
0.030637 5
0.030334 5
0.031044 5
0.030085 5
0.030364 5
0.030522 1
0.029061 1
0.030970 1
0.030875 1
0.030698 1
0.029745 1
0.330890 5
0.087572 5
0.372354 5
0.380268 5
0.369570 5
0.087313 5
0.275939 5
0.629912 2
0.030943 50
2.445494 1
0.129102 1
2.307765 1
0.217796 1
0.558743 1
0.398565 1
1.070749 1
0.560787 1
0.943362 1
0.055121 1
0.119188 3
4.934275 1
0.179568 1
0.686345 1
0.407493 1
0.073705 1
0.092088 2
0.650106 2
0.009151 50
2.645791 1
0.385351 1
0.119903 1
0.230327 1
0.387075 1
0.283163 1
2.640498 4
0.499969 4
0.031020 4
0.030231 4
0.029788 4
0.030939 4
0.030004 1
0.030678 1
0.029679 1
0.030001 1
0.030357 1
0.029820 1
0.923728 1
0.110735 1
1.707172 1
0.278680 1
1.581800 1
0.078415 1
0.229105 1
0.569727 1
0.471061 4
0.293539 1
0.991898 1
0.073534 1
0.126785 3
2.870571 1
0.431297 2
0.004279 50
2.452974 1
0.366773 1
0.078176 1
0.239822 1
0.143007 1
0.519995 1
1.676000 1
0.350649 1
0.658368 1
0.087754 1
0.242571 1
0.073703 1
0.432730 2
0.011422 50
2.936596 1
0.092040 1
0.289460 1
0.115164 1
0.351675 1
0.103074 1
1.157346 1
0.252833 1
1.015165 1
0.105815 1
0.128322 2
1.634971 1
0.204304 10
1.625555 1
0.249160 6
0.795483 1
0.373682 5
2.019509 1
1.209856 1
0.055299 1
0.253271 1
0.520514 1
0.114689 1
0.638676 2
0.028989 50
13.122006 84
0.709393 2
0.122431 50
9.496401 1
0.276082 1
0.921202 1
0.082867 1
0.110537 1
0.315778 2
0.017433 1233
24.517500 1
0.092173 1
0.274837 1
0.990060 1
0.057796 1
1.627497 1
0.227022 1
1.175980 1
0.204068 1
0.085963 3
1.746329 1
0.172106 1
0.064550 1
0.170576 1
1.316359 1
0.068900 1
0.984374 1
0.919040 3
0.914358 3
0.714247 3
1.553950 3
0.083113 3
0.476693 2
0.004366 50
2.125657 1
0.117530 1
0.138309 1
1.330860 1
0.663110 1
0.123988 1
0.121355 3
0.862416 2
0.004279 232
10.246754 1
0.885012 4
0.447443 1
0.626844 1
0.595008 1
0.232263 1
0.138409 1
0.227746 1
0.557203 1
0.197746 1
0.268304 1
0.595813 1
0.613135 4
0.177784 1
0.635633 1
0.870421 1
0.627086 1
0.201352 1
0.114734 1
1.667277 1
0.094564 1
1.308164 1
0.178601 1
0.613708 1
0.198325 1
0.444330 1
0.701343 1
1.455138 1
1.467061 1
0.078415 1
0.411092 4
0.326982 4
0.189700 1
0.615116 1
0.141079 1
0.787113 1
0.322764 1
1.568161 1
0.458063 1
0.574739 1
0.166864 1
0.448997 1
1.072682 1
0.335645 1
0.340588 1
0.092146 1
0.156340 1
0.308818 1
1.070273 1
0.204375 1
0.617590 1
1.925812 1
0.148425 1
0.142731 1
2.032847 1
0.717682 1
0.358836 1
0.283695 1
0.133549 1
0.459944 1
1.883926 1
0.100107 1
1.735975 1
0.688556 1
0.187015 1
0.601202 1
0.726952 3
0.189158 1
0.181512 1
0.567968 1
1.186808 1
0.128858 1
0.260974 1
0.165541 1
1.072056 2
0.047929 122
42.089413 63
0.729423 1
0.574443 1
0.209407 1
0.734369 11
0.645103 7
2.040022 2
0.026537 55
0.171551 39
0.005720 50
5.478418 1
0.105595 1
3.462992 1
0.129814 1
0.849365 1
0.133549 1
0.192944 1
1.197185 1
0.095314 4
1.639396 1
0.133778 1
0.078326 1
0.078255 2
2.315869 1
0.027340 1
0.615725 1
2.796641 3
0.096799 3
1.197545 3
0.114216 3
0.939764 3
0.050544 3
0.464415 2
0.003525 50
1.657297 1
0.138016 1
0.143020 1
1.680684 1
0.735668 1
0.076467 4
1.293216 2
0.003803 181
6.923620 1
0.600726 1
0.060168 1
0.147350 1
0.152210 1
0.477886 4
0.210308 4
0.734251 1
0.059967 1
0.375291 1
0.106022 1
2.691765 1
0.404434 1
0.072555 4
1.310946 2
0.010196 50
3.624372 1
0.207333 1
0.594286 1
0.115157 1
0.272355 1
0.586981 1
0.134234 1
0.133389 1
0.188841 1
1.203637 1
0.449012 1
0.097190 1
0.467144 1
0.306952 1
0.110662 1
0.273863 1
0.041309 1
3.937987 1
0.420105 4
0.175319 1
0.295292 1
0.399047 1
0.096659 1
0.136070 1
0.136974 1
1.625904 1
0.271813 1
0.148597 9
2.186717 1
0.086147 9
1.421605 2
0.001576 86
1.982419 44
0.398879 1
0.500362 1
0.030247 1
0.029683 1
0.030412 1
0.029874 1
0.029673 1
0.030405 1
0.029704 1
0.030449 1
0.031467 1
0.030009 1
0.030518 1
0.029478 1
0.030533 1
0.030277 1
0.030388 1
0.030467 1
0.030174 1
0.030277 1
0.029916 1
0.029531 1
0.031304 1
0.030232 1
0.030641 1
0.030756 1
0.030068 1
0.030248 1
0.030197 1
0.030482 1
0.031070 1
0.030907 1
0.030641 1
0.030350 1
0.030681 1
0.029698 1
0.030020 1
0.030628 1
0.030027 1
0.030816 1
0.030218 1
0.029260 1
0.029801 1
0.030537 1
0.030481 1
0.030759 1
0.029627 1
0.030618 1
0.030275 1
0.030651 1
0.029290 1
0.030644 1
0.030063 1
0.031291 1
0.030971 1
0.030021 1
0.029824 1
0.030727 1
0.333396 3
0.734360 5
0.294439 5
0.352788 2
0.001712 86
1.802173 44
0.505766 1
0.500284 1
0.030231 1
0.031186 1
0.030280 1
0.030422 1
0.030117 1
0.030351 1
0.029860 1
0.030093 1
0.030593 1
0.030320 1
0.031090 1
0.030476 1
0.030595 1
0.030280 1
0.030631 1
0.030340 1
0.030170 1
0.030682 1
0.030468 1
0.030429 1
0.030201 1
0.030446 1
0.030349 1
0.030862 1
0.030294 1
0.030439 1
0.029727 1
0.030523 1
0.030411 1
0.030868 1
0.030553 1
0.030225 1
0.031023 1
0.030289 1
0.030354 1
0.030068 1
0.029241 1
0.030516 1
0.176875 1
0.193905 1
0.547377 5
0.477676 5
0.102115 2
0.067595 51
0.089222 43
3.559086 1
0.146887 1
0.110768 1
0.142760 1
0.365514 1
0.590739 1
0.187042 1
0.779952 1
0.115124 1
0.474173 1
0.152657 1
0.119929 1
0.796237 2
7.459517 61
0.004870 3
0.028430 50
3.381789 1
0.170281 1
0.152050 1
0.207021 1
0.919719 1
0.401735 1
0.081636 1
0.738314 1
0.183966 1
0.345994 4
0.501251 4
0.030915 4
0.030581 4
0.029725 4
0.030150 4
0.030229 1
0.029230 1
0.030945 1
0.030741 1
0.030042 1
0.453121 12
0.437294 2
0.004663 197
7.091544 12
0.586453 2
0.004363 197
0.758648 12
0.355644 15
0.860442 12
0.122362 56
0.966935 191
0.360677 191
0.284549 77
0.175238 40
0.923962 2
0.004259 232
8.856059 1
0.124354 1
0.195226 1
0.211292 1
0.406748 43
1.045956 1
0.119674 1
0.180695 1
0.187662 1
0.347104 10
0.002216 34
0.008280 135
0.000725 27
1.151499 1
0.147462 1
0.201780 1
0.209214 1
0.268414 8
